100
191 233
87 202
85 145
120 341
3 202
101 265
95 378
338 333
39 234
221 75
347 142
94 292
341 384
107 245
47 288
306 4
236 29
7 268
46 21
57 376
97 83
377 225
205 349
89 10
73 266
205 26
244 192
299 312
96 369
67 204
291 153
114 33
372 271
90 117
383 4
390 254
296 240
257 340
326 246
216 275
45 232
47 296
197 67
108 288
77 183
133 153
273 270
86 250
73 174
328 37
310 1
94 44
271 174
26 148
240 216
326 162
138 11
296 129
6 104
334 351
73 353
273 242
231 94
121 95
370 77
347 374
310 88
388 306
346 281
366 125
374 122
390 15
134 184
77 207
385 175
217 60
270 349
66 152
200 114
291 9
57 121
204 393
378 205
322 319
350 62
13 74
122 170
100 365
190 174
284 145
220 49
172 380
48 75
52 253
16 263
272 29
307 336
269 339
155 153
249 107