500
293 158
110 144
300 339
243 261
171 128
343 197
331 120
201 10
288 224
246 134
140 74
262 283
209 307
126 185
127 92
122 229
234 336
80 241
130 180
77 291
189 209
46 277
297 97
70 273
247 88
333 65
35 276
196 179
327 134
275 76
151 276
71 74
9 56
15 300
146 108
325 241
124 239
162 312
75 79
335 239
123 251
35 72
214 301
278 235
344 48
35 281
44 233
242 198
147 182
116 50
166 174
188 191
22 17
259 10
118 238
78 323
330 274
40 268
303 298
12 143
325 227
324 117
183 83
338 37
83 6
315 15
154 316
81 113
87 155
283 222
338 83
218 141
270 288
152 268
287 168
165 247
127 214
24 115
206 123
61 238
258 194
28 125
126 199
20 263
258 37
97 92
278 280
346 174
117 338
105 34
290 162
221 168
38 89
147 68
22 195
24 75
108 307
274 294
124 112
186 89
192 145
84 311
347 146
152 87
154 330
74 111
173 20
171 244
238 157
23 109
16 21
210 348
334 179
344 29
5 276
77 136
221 175
224 114
77 187
140 119
304 145
277 222
323 94
48 150
114 157
226 315
260 116
127 254
130 245
262 120
70 177
283 346
92 211
21 25
167 315
51 168
1 195
120 326
80 158
150 115
262 260
226 79
289 206
108 49
192 200
40 156
8 289
229 26
160 75
246 27
84 308
282 38
139 308
349 161
83 124
142 270
190 104
286 12
178 270
247 251
21 302
128 64
302 283
173 330
49 196
306 15
98 267
337 300
149 285
84 342
187 327
345 326
291 334
9 126
117 189
104 78
226 19
239 82
116 19
273 324
19 188
105 51
230 282
83 206
93 302
172 213
65 307
68 65
26 190
136 318
248 198
45 146
70 163
245 102
229 185
268 152
285 64
113 73
345 300
341 41
309 231
221 137
226 211
21 255
196 272
309 106
291 203
75 75
275 319
182 169
106 197
203 144
40 51
83 207
30 191
52 32
183 207
274 137
203 71
39 258
177 150
152 154
26 311
130 291
116 199
321 174
271 233
152 298
253 320
284 342
249 211
84 89
144 263
275 202
31 142
74 314
76 281
198 197
307 40
192 237
16 158
123 31
267 283
81 20
116 97
111 189
51 220
307 42
31 334
278 247
203 106
29 133
105 153
165 113
24 284
112 230
57 287
183 133
343 39
206 307
141 340
185 201
217 211
244 164
47 319
184 164
123 180
169 325
61 44
159 153
149 304
15 281
298 281
75 129
278 211
60 267
134 13
203 318
129 230
163 338
48 312
269 83
271 235
120 21
73 243
150 248
21 240
348 33
224 206
260 238
225 30
119 81
250 143
212 86
31 237
248 312
345 209
299 54
197 251
52 243
285 235
24 218
127 169
268 72
294 52
91 255
239 171
62 116
143 121
315 341
141 165
133 34
134 60
134 0
18 101
117 221
318 115
290 348
27 173
188 39
12 159
214 253
139 242
66 52
122 137
6 194
254 232
295 308
337 42
177 106
285 159
289 178
128 244
261 13
188 166
286 342
171 256
70 222
188 18
115 146
206 241
97 128
266 126
211 139
347 12
68 294
334 134
239 191
173 319
339 216
283 0
114 92
144 79
254 123
276 124
63 59
279 288
44 288
119 151
47 225
203 289
237 32
204 59
326 227
288 301
24 250
219 18
46 10
204 139
175 349
51 195
5 340
3 170
0 5
238 225
267 149
89 36
122 297
277 142
258 126
64 211
180 140
115 18
81 82
272 255
285 205
5 138
105 102
191 232
54 327
187 26
216 7
202 290
87 58
156 18
41 249
85 15
225 131
246 287
268 250
250 281
230 327
101 8
329 229
88 82
274 299
92 229
312 146
259 287
291 196
168 304
276 255
209 173
159 200
220 83
222 93
228 149
302 1
32 156
100 60
221 282
163 74
318 62
91 284
8 67
226 49
130 103
151 185
270 220
284 20
173 219
177 40
62 321
335 313
136 227
18 306
166 189
305 319
220 96
321 216
294 286
184 263
48 49
25 231
152 252
24 155
228 135
29 109
285 5
123 195
336 109
68 4
139 218
336 242
63 301
229 239
142 127
54 323
308 23
331 137
263 142
65 249
23 282
337 110
330 216
225 149
72 171
122 88
253 247
297 299
40 221
109 253
0 251
312 278
195 212
22 268
348 14
78 165
51 148
238 263
254 333
257 138
83 160
231 137
2 190
25 78
142 56
245 90
231 152
104 199
119 202
80 332
303 261
107 267
230 345
126 189
326 307
311 227
217 288
341 221